
===== CROSS FOLD 0==========
Accuracy: 0.34534534534534533
Precision: 0.23582511129680941
Recall: 0.34070254464991306
[ 28  ][  2  ][  9  ][  7  ][ 66  ][  0  ]
[ 37  ][  0  ][ 32  ][ 24  ][ 15  ][  0  ]
[  0  ][ 64  ][  0  ][ 47  ][  0  ][  0  ]
[  0  ][ 16  ][  0  ][ 94  ][  1  ][  0  ]
[  0  ][  4  ][  0  ][  2  ][ 108 ][  0  ]
[  0  ][ 64  ][  0  ][ 24  ][ 22  ][  0  ]
===== CROSS FOLD 0==========
Accuracy: 0.28703703703703703
Precision: 0.31569003625741215
Recall: 0.2895262422634125
[  4  ][ 74  ][  0  ][  0  ][  2  ][ 29  ]
[ 18  ][  4  ][  0  ][  0  ][  0  ][ 86  ]
[  0  ][  0  ][ 18  ][  0  ][ 13  ][ 74  ]
[  1  ][  0  ][ 14  ][ 88  ][  0  ][  8  ]
[ 85  ][  0  ][  1  ][  0  ][  7  ][ 20  ]
[  0  ][  0  ][ 37  ][  0  ][  0  ][ 65  ]
===== CROSS FOLD 0==========
Accuracy: 0.3081570996978852
Precision: 0.47695035460992913
Recall: 0.308981708981709
[ 110 ][  0  ][  0  ][  0  ][  0  ][  0  ]
[ 103 ][  8  ][  0  ][  0  ][  0  ][  0  ]
[ 110 ][  0  ][  0  ][  0  ][  0  ][  0  ]
[ 93  ][  0  ][  0  ][ 17  ][  0  ][  0  ]
[ 111 ][  0  ][  0  ][  0  ][  0  ][  0  ]
[ 37  ][  4  ][  0  ][  0  ][  0  ][ 69  ]
===== CROSS FOLD 0==========
Accuracy: 0.15844544095665172
Precision: 0.10204165892529056
Recall: 0.1560437791727024
[  0  ][  0  ][  0  ][ 111 ][  0  ][  0  ]
[  0  ][  0  ][  0  ][ 40  ][ 24  ][ 51  ]
[  0  ][ 108 ][  0  ][  0  ][  0  ][  0  ]
[  0  ][ 24  ][  0  ][ 90  ][  0  ][  0  ]
[  0  ][ 112 ][  0  ][  0  ][  0  ][  0  ]
[  1  ][ 60  ][ 16  ][  0  ][ 16  ][ 16  ]
===== CROSS FOLD 0==========
Accuracy: 0.3292035398230089
Precision: 0.3136773940345369
Recall: 0.3181338416226203
[ 42  ][ 23  ][  0  ][  0  ][  0  ][ 27  ]
[ 22  ][ 79  ][  0  ][  0  ][  0  ][  0  ]
[ 94  ][  0  ][  0  ][  0  ][  0  ][  0  ]
[ 30  ][  2  ][  0  ][ 65  ][  0  ][  0  ]
[ 83  ][  0  ][  0  ][  0  ][  0  ][ 15  ]
[ 72  ][  0  ][ 11  ][  0  ][  0  ][  0  ]
===== CROSS FOLD 0==========
Accuracy: 0.17113095238095238
Precision: 0.20024420024420023
Recall: 0.17391304347826086
[  5  ][ 61  ][  0  ][  0  ][ 49  ][  0  ]
[  0  ][  0  ][  0  ][  0  ][ 111 ][  0  ]
[  0  ][  0  ][  0  ][  0  ][ 112 ][  0  ]
[  0  ][  0  ][  0  ][  0  ][ 111 ][  0  ]
[  0  ][  0  ][  0  ][  0  ][ 110 ][  0  ]
[  0  ][  0  ][ 60  ][  0  ][ 53  ][  0  ]
===== CROSS FOLD 0==========
Accuracy: 0.4426751592356688
Precision: 0.4479496694613015
Recall: 0.4452208056295685
[ 26  ][  1  ][ 20  ][ 39  ][ 21  ][  0  ]
[ 35  ][ 14  ][ 28  ][  6  ][ 21  ][  0  ]
[  0  ][  0  ][ 36  ][  0  ][ 53  ][ 15  ]
[  0  ][ 25  ][  0  ][ 51  ][ 30  ][  2  ]
[  0  ][  0  ][  0  ][ 20  ][ 69  ][ 15  ]
[  0  ][  0  ][  0  ][  0  ][ 19  ][ 82  ]
===== CROSS FOLD 0==========
Accuracy: 0.016975308641975308
Precision: 0.3333333333333333
Recall: 0.01720742961264915
[  0  ][  0  ][ 87  ][ 20  ][  0  ][  0  ]
[ 100 ][  5  ][  1  ][  0  ][  0  ][  0  ]
[ 95  ][  0  ][  0  ][  0  ][ 15  ][  0  ]
[ 78  ][  0  ][ 36  ][  0  ][  0  ][  0  ]
[ 104 ][  0  ][  0  ][  0  ][  0  ][  0  ]
[  0  ][  0  ][ 101 ][  0  ][  0  ][  6  ]